{
  "first_use_time": 1773591033.0988853,
  "last_use_time": 1774071744.6280391,
  "used_days": 5
}