{
  "first_use_time": 1773591033.0988853,
  "last_use_time": 1773877772.1512787,
  "used_days": 3
}