{
  "first_use_time": 1773591033.0988853,
  "last_use_time": 1773973824.580015,
  "used_days": 4
}