{
  "first_use_time": 1774316448.622915,
  "last_use_time": 1774316448.622915,
  "used_days": 1
}